6_2#[(-26,-18,32,-14,22,-36,2,24,-6,12,-30,16,8,-20,34),(4,-10,28,-40),(-38,)],
6_3#[(16,-26,-18,30,-34,6,32,-36,24,-28,40,-12,-4,-2,10,-22),(-8,20,-14,42),(38,)],
7_6#[(40,-28,18,-44,2,-20,-24,6,-32,26,-38,-14,-12,-48,34,-16,46,-8,-22),(10,50,36,30,-4),(42,)],
7_7#[(-36,18,-44,24,34,-16,46,-28,42,-8,32,30,4,-12,38,22,20,-2,10,-48,26),(-6,-40,14,-52),(-50,)]
8_7#[(26,-10,-30,50,-28,44,56,-22,4,-6,32,-12,46,38,18,42,-54,24,2,-60,20,-16,-36,-58),(8,-40,-62,14,-34,-48),(-52,)]
8_9#[(14,-30,58,-36,22,-64),(-44,4,-56,-34,-46,10,-62,-40,52,-2,26,48,-6,18,-54,32,-24,-60,38,-16,-42,28,-50,8,20),(-12,)],
8_11#[(-12,14,22,-56,30),(-28,-44,10,-52,26,-38,6,-60,18,-42,-48,-46,58,-24,50,-16,-36,-34,-32,-8,62,-20,40,-4,54),(-2,)],
8_13#[(20,-66,54,-32,58,36,24,-62,28),(-12,-48,18,38,14,-50,-8,44,-4,-64,26,52,30,-56,34,-22,60,-10,-46,6,-42,-16,-40),(-2,)],
8_14#[(-14,44,-52,68,76,60),(-4,28,-72,64,36,34,50,-58,-42,74,-66,22,20,54,-46,2,-30,16,62,-8,32,-18,-48,12,-26,-70,-38,6,-24,56,40),(10,)],
8_17#[(-14,54,-84,64,-94,74),(36,-4,58,78,-88,-68,44,42,40,-66,86,-76,-56,16,28,26,-82,-62,72,92,-38,2,-52,80,22,-32,6,46,-60,-20,-34,12,-50,-90,24,30,-8,48,70,-18),(-10,)],
8_20#[(24,-6,-18,12,-22,16,-26,8,-4,30,-10),(20,-14,2,32),(28,)],
8_21#[(-18,-8,36,-16,30,22,20,-4,26,-32,12,10,2,-38,14,-24,42),(-28,6,-44,34),(-40,)],
9_12#[(48,28,-20,32,-16,54,-66,40,-8,44,-4,58,-72,-46,6,-42,10,-56,68,-34,18,-30,22,2,64,62,60,-38,14,26,52,50),(-24,36,-12,-74),(-70,)]
9_14#[(48,24,22,20,18,-42,32,-54,10,8,6,4,-46,40,-50,36,-64,14,-58,28,-62,68,-16,2,-26,60,-30,70,-12,52,-38),(-34,56,72,44),(66,)],
9_21#[(-14,22,86,-42,50,32),(-10,66,-34,-52,8,-64,56,-80,16,12,-68,46,-54,78,-6,72,-82,-28,2,-70,44,26,-38,-76,-74,40,-48,-30,84,-20,-62,-60,-58,-24,36,18),(4,)]
9_22#[(72,-56,14,42,-84,52,64,-30,-74,58,-4,40,82,-50,62,20,-76,46,-86,54,-12,-28,-60,-70,36,8,-24,-66,32,16,-44,-6,-22,80,-48),(68,-34,-18,2,-88,-38,-10,26),(-78,)]
9_24#[(20,-24,-34,80,42,-68,-30,76,-86),(2,-62,18,48,36,-6,58,-14,50,-82,-44,10,-54,70,-84,-74,28,66,-40,-78,32,-22,46,38,-8,56,-64,-26,4,-60,12,-52,72),(-16,)],
9_26#[(-16,-14,-40,70,-50,-28,58,-2,-78,56,-62,32,-6,-80,-52,-72,22,44,-12,84,-20,-60,30,-8,88,66,-36,-76,4,54,74,-24,-46,10,-86,64,-34,42,-18),(-68,90,38,-26,48),(82,)],
9_27#[(14,-66,54,28,-80,42,2,90,88,68,-36,-62,10,-92,-50,58,-46,84,-20,4,-96,24,72,-32,76,6,-102,30,-74,34,82,-12,98,-86,22,-60,48,-56,-8,94,-44,-70,38,18,16),(-52,78,-26,64,104,-40),(100,)],
9_28#[(22,44,76,-70,98,-2,-42,58,-108,-88,-32,64,-104,54,86,12,-40,60,-112,96,20,-30,78,-68,100,-46,-6,74,72,18,-94,38,-10,-50,82,26,56,-28,-84,66,-102,52,-4,14,34,-62,110,-90),(-24,-80,48,8,-114,-16,-36,92),(-106,)],
9_30#[(22,68,-34,-80,26,60,-42,-76,110,-50),(-88,8,-96,16,-48,-66,92,-4,32,-58,100,-12,40,74,104,-20,108,30,64,-98,14,-46,72,-90,6,-38,-56,102,-10,94,-2,-54,106,52,82,36,-70,-24,78,44,-62,-28,86,84),(18,)],
9_33#[(-84,34,-16,-62,96,-48,-24,78,88,-38,8,70,-92,44,-100,52,-80,-18,64,2,30,-56,-10,72,26,32,-42,98,-50,14,76,-86,36,6,-60,-94,46,-22,-68,90,40),(-82,20,-66,-4,58,12,-74,-28,54,104),(102,)],
9_34#[(-18,-128,-104,114,52,-94,-32,42),(80,-16,88,46,-100,-58,-40,76,-6,98,56,118,-78,4,-124,26,-36,-72,10,-110,120,-22,86,84,82,-44,34,96,-54,-116,106,20,66,64,62,-126,28,-38,74,-8,-112,122,-24,68,-14,30,92,50,-70,12,-108,-90,-48,102,60),(-2,)]
9_39#[(-84,42,14,72,-26,-98,40,-58,-106,82,-2,-12,-70,54,100,-112,86,66,8,-96,-50,-60,108,-80,-4,22,-68,-36,94,48,20,-110,88,-28,10,38,-56,92,90,16,-44,62,30,-102,78,76,74,-6,24,52,-34,114),(118,46,-18,104,-32,-64),(116,)]
9_42#[(26,-10,-12,-24,14,-20,18,-28,8,-4,32,-6),(22,-16,2,-34),(-30,)],
9_44#[(-10,20,-28,-26,-14,32,-2,24,-38,4,-34,30,-8,-6,16),(-22,12,40,-18),(36,)],
9_45#[(36,-20,46,-34,4,52,-40,54,38,26,-48,32,-10,50,-44,-42,-6,22,-28,-12,-16,-30),(-24,8,-2,-18,14,-58),(-56,)],
10_7#[(14,50,-40,-70,60,-30,42,76,74,72,6,-52,36,-56,44,-8,78,26,-66,22,-2,12,-62,-80,-28,4,68,-24,64,-84,10,48,-34,54,-38,20,18,16),(32,-58,-46,86),(82,)],
10_9#[(-22,-14,42,18,-26,-34,48,-44,56,10,50,-46,-58,-8,-52,2,-60,-6,-54,4,-64,38,30),(-40,-32,24,16,-36,-28,20,12,-66),(-62,)],
10_10#[(66,-64,-30,-90,-38,24,42,78,100,-74,52,12,-54,10,-6,62,96,-58,-8,56,-22,14,-80,-98,-76,-44,40,-26,82,72,32,-4,-92,88,86,84,34,46,16,-50,20,-36,70,68),(28,2,-102,60,18,-48),(-94,)]
10_17#[(16,30,-46,-56,-68,38,26,-62,72,-40,8,-54,-74,14,-86,-42,6,24,-76,70,58,-4,84,32,20,-10,66,80,-48,-2,88,-12,-36,78,-50,18),(-28,64,52,-22,-34,90,44,60),(82,)]
10_18#[(-18,50,38,-26,-22,-34,46,60,-2,68,-14,-76,54,62,-4,72,-12,-78,56,-64,6,74,10,80,58,-66,8,-42,-30),(-20,-52,-40,28,16,-48,82,-36,-24,44,-32),(70,)],
10_23#[(58,-112,-122,90,34,-74,38,-62,138,-8,-32,80,-52,126,-24,88,-100,12,-96,70,68,66,64,-18,6,84,-28,120,-108,-114,94,46,44,42,40,-14,98,-10,22,-86,54,-124,30,-78,-102,48,-136,72,-36,76,20,-50,118,130,-56,106,132,-60,-4,-128),(-92,104,26,-82,110,-2,116,140,16),(134,)],
10_26#[(14,-16,60,-32,78,46),(-10,108,-94,-36,-122,88,56,72,-6,102,-28,-64,84,-126,-116,12,-106,-92,-82,124,22,70,8,-100,20,54,86,-120,-34,-62,-114,4,-104,-90,40,-52,24,68,128,42,74,-112,-110,30,-58,130,-44,-76,-98,-96,18,48,80,-26,-66,-38,50,-118),(2,)],
10_27#[(22,-24,84,-108,132,-96,-34,74,144,-120),(2,),(62,-6,90,-126,-102,54,-16,-142,-118,154,66,64,26,-134,110,-146,-76,36,98,122,-86,44,88,-124,-100,-56,14,-140,-116,152,-46,4,-42,-82,-128,-104,52,-18,38,78,148,-112,48,-10,136,92,30,70,60,-20,40,80,150,106,-50,8,-130,94,32,72,-58,12,-138,-114,-28,-68)]
10_30#[(76,114,112,110,108,106,46,-38,82,-66,-32,56,120,-124,64,96,-50,-18,102,70,-2,126,-104,-40,84,20,-30,-94,-122,132,-24,-88,98,34,-78,-14,116,-130,48,16,-100,-68,22,54,-118,134,62,-86,-52,36,-80,72,12,10,8,6,4,-44,28,-92,-60),(90,-74,42,-136,58,-26),(-128,)],
10_31#[(-18,118,-80,30,-54,132,66,42),(102,-14,128,-114,-76,34,-96,10,-58,-122,-84,70,-104,16,130,-116,-78,-28,94,-8,52,-124,-86,72,-106,2,-46,-22,-112,60,36,98,-4,48,24,74,-110,-108,-32,56,-120,82,-68,-44,20,-92,-90,126,62,38,-100,6,50,26,-88,-64,-40),(12,)]
10_32#[(-76,-18,86,-102,-56,96,-112,28,74,44,10,-94,114,-62,-80,108,-20,90,120,-88,122,-58,98,-110,-16,84,-104,68,34,4,50,-82,106,-22,-92,116,-60,-2,-100,48,14,-26,-72,-38,-42,8,54,-66,-32,-78),(-36,70,24,-12,-46,30,64,-52,-6,124,40),(118,)]
10_33#[(20,-36,70,-94,58,-124,8,40,-74,-106,122,32,-48,136,-120,-84,18,104,-6,-92,-66,-64,-62,-60,82,114,-118,-28,12,-98,-46,-44,-42,-16,-102,4,90,-24,-110,54,-130,76,108,-2,-34,68,100,-56,126,-14,38,-72,88,-22,30,52,-132,50,134,78,-86),(96,-10,138,26,-116,-112,-80),(128,)],
10_42#[(90,-138,32,100,-42,-110,-84,150,-56,-124,66,134,-74,156,-68,-24,-46,-114,80,-154,20,64,132,76,-144,36,104,12,-86,148,-54,-122,-8,136,96,94,92,4,-118,50,-128,-60,-16,108,40,-28,72,70,30,-22,-44,-112,82,-152,18,62,130,-78,142,34,102,10,-88,146,-52,-120,-6,-98),(26,158,-48,116,-38,-106,14,58,126,-2),(140,)],
10_44#[(-110,42,60,94,-32,114,-78,-4,40,38,2,76,-12,-66,84,102,48,-92,-58,18,-54,-88,24,-122,72,106,16,-20,128,-52,96,-30,116,-80,-62,-8,34,-112,44,98,28,-118,68,14,-22,126,-50,-104,-86,26,-120,70,-6,36),(56,90,-46,-100,-82,64,10,130,-74,-108),(124,)],
10_59#[(-80,110,-50,36,96,-64,-124,-142,126,66,98,38,-118,-88,-56,-18,12,-146,-134,26,86,-74,52,-2,150,-112,-82,128,68,-22,-8,158,-138,-100,28,-42,114,54,-144,154,104,44,-116,130,-58,-20,10,-160,-136,90,30,-76,-46,4,-152,106,-84,72,132,-24,-6,156,-140,-102,-70,-40,120,60,92,32,-16,-14),(62,122,-162,-108,48,78,-34,-94),(-148,)]
10_60#[(94,18,-110,130,40,-64,82,6,-122,30,-98,140,-54,22,-106,-2,132,60,-146,-116,66,-14,142,-78,-76,-74,100,-24,-46,-90,38,114,-84,-8,-34,-126,-52,-50,-48,58,-112,150,-10,-62,144,70,-124,-20,104,-138,56,-28,96,-4,120,44,-148,86,68,-16,108,32,134,-72),(-42,-118,-92,128,-152,26,-102,-80,-36,88,12),(-136,)],
10_71#[(-26,92,48,-136,-80,-54,78,66,132,88,44,-70),(116,-18,-94,40,104,10,-12,-64,-84,-128,22,-120,-14,38,106,36,-8,122,34,-108,76,-4,114,-20,-96,-30,-50,-56,-60,-110,74,-130,24,-118,-16,86,42,126,124,-82,-62,52,32,98,-46,-90,134,68,58,102,100,-112,72,28,-2),(-6,)]
10_73#[(18,92,-148,-62,76,-178,-164,40),(-118,8,-154,-98,-66,174,142,86,74,-106,-162,-116,16,-80,-136,168,156,100,68,-176,-144,-88,124,-2,56,-28,82,138,-48,-126,14,38,-172,-140,-50,22,96,-120,6,-152,58,-30,84,-72,46,-134,-132,-130,-128,-78,-42,64,150,-94,-20,166,-112,-110,-108,36,-170,158,-52,24,-90,122,-4,146,60,-32,-102,-70,44,114,-12,-34,104,160,-54,26),(-10,)]
10_82#[(22,38,-58,-74,134,26,-70,86,-122,48),(-110,8,-100,14,84,-128,118,44,-112,6,-116,-62,-78,-108,20,-132,-36,-94,96,-4,54,92,-82,126,102,-12,98,-2,52,90,32,-68,-104,18,-130,-34,42,-114,-40,-24,72,-28,124,-88,-50,76,60,56,-64,-80,106,-16,-30,66,120,46),(10,)]
10_84#[(-24,28,118,-130,-42,150,62,-74,-52,140,164),(-2,96,-22,-94,134,46,114,-78,-124,-10,88,-68,-158,54,-18,100,-142,-30,-120,6,-104,80,38,146,58,-4,102,-34,154,-126,-108,-106,40,-148,-60,72,162,26,50,-138,-116,128,-84,-82,-64,36,-156,14,-92,132,44,152,110,-12,90,-70,-160,-48,16,-98,136,-32,-122,8,-86,-66,-112,76,144,56),(20,)],
10_88#[(26,140,174,-198,232,-228,-144,122,52,-156,-216,-186),(-90,14,-120,-54,-212,-152,108,190,202,178,104,136,30,16,-82,148,224,68,194,170,-182,-206,-44,-102,-100,-98,-138,-28,-50,-124,214,158,188,-142,-230,200,-176,-74,-72,-116,-58,-166,-184,172,196,70,226,146,-80,18,32,134,208,-220,-210,-56,-118,12,-92,2,78,-48,-126,-162,160,84,-22,-218,34,132,-130,66,192,-40,-94,8,-114,-60,-168,-38,88,-24,110,64,-204,-42,96,-6,-112,-62,180,106,222,150,-154,-20,86,36,-164,-128,-46,76,4),(10,)],
10_91#[(18,116,-54,-28,126,100,-38,136),(16,-82,110,-48,58,-8,76,96,-106,44,-2,70,-90,-20,-118,32,130,60,-10,78,-30,-128,-102,40,-88,-86,-84,-114,52,26,-124,-98,36,-134,-68,-66,-64,112,-50,-24,-122,4,-72,92,22,120,-34,-132,-62,12,-80,108,-46,56,6,-74,94,-104,42),(14,)]
10_95#[(26,82,-150,-66,90,-138,158,-74,-94,-142,-166,46),(8,-108,146,98,78,162,-70,-154,-134,-86,24,-110,-144,-96,-76,-160,68,152,132,84,-2,124,-34,54,-14,116,38,-58,6,-106,-28,48,20,-122,12,114,40,-60,-130,-128,148,64,-44,-88,-136,-156,72,-92,140,-164,-80,-104,-102,-100,-30,50,18,120,-10,112,42,-62,-4,126,-32,52,16,-118,36,-56),(-22,)],
10_102#[(-112,104,88,-80,128,62,46,-66,-120,76,-132,102,86,82,-126,60,44,-68,114,92,-58,-4,-24,64,-124,74,-116,-40,106,-6,-26,-84,-100,22,2,-38,54,-96,18,50,30,-10,-12,-32,42,-108,-72,118,-78,130,-14,-34,-90,56,70),(36,-110,94,-52,-20,134,98,8,-28,-48,16),(122,)],
10_104#[(-22,-150,72,50,-82,140,-162,60,172,-36),(110,-8,78,156,-94,136,58,112,-20,166,88,-130,68,146,-104,2,-92,134,-40,-114,14,86,-128,-28,148,-106,4,-70,-48,-98,120,-12,-160,-32,-56,170,44,66,144,124,122,24,152,-74,-52,38,164,-62,84,-142,102,100,80,158,30,54,-168,-42,-64,-118,10,-126,-26,-154,108,-6,76,-46,-96,138,116,-16,-34,90,-132),(18,)]
10_107#[(-78,-24,-126,-62,40,104,140,-166,86,-108,-44,-12,160,128,64,-174,76,-26,4,-60,-154,106,142,-52,178,-82,116,18,-42,-10,124,156,-134,96,94,92,90,-130,-162,14,112,-48,-146,30,74,72,70,68,66,-28,6,38,-152,-120,144,46,-180,84,-110,20,56,-8,-102,158,-136,172,-88,98,34,2,-150,-118,-54,176,-80,22,58,122,-100,-36,-138,168),(148,164,-32,182,132,-16,-114,50),(170,)]
10_113#[(26,68,-48,174,-90,170,158,78,58,-38,-106,94),(10,-126,110,42,62,-102,-16,132,-164,-84,150,-4,122,114,-32,-100,18,-134,-162,-82,148,6,-124,112,-30,-98,20,-136,-160,52,72,152,-2,142,-12,-128,108,40,60,80,-14,130,-166,-86,-44,-64,-146,-144,-66,46,88,168,-156,-76,-56,36,104,92,-172,-120,-118,-116,-50,-70,-28,-96,22,-138,34,54,74,154,-24,-140),(8,)]
10_114#[(32,-102,-126,88,-46,-116,-36,106,92,50,-84,-42,-122,-98,-112),(4,-60,28,78,-118,-18,68,-8,54,22,-72,-86,44,-124,100,114,-34,-104,-90,-48,82,40,120,-96,-110,52,-20,70,10,-56,24,-74,-108,14,64,-2,58,26,-76,38,12,62,-30,80,94,-16,66),(-6,)]
10_118#[(36,154,184,68,-94,-214,-196,-56,-122,-234,-232,-230,-228,-226,-202,-82,100,-152,-242,12,142,74,178,-114,130,28,-238,254,-112,-44,-162,148,6,-262,104,-90,-210,-140,14,-244,-200,222,118,-134,62,190,106,260,-4,34,-220,-64,-188,-158,-40,76,176,206,86,-166,-48,252,236,-248,18,-204,-84,164,46,58,194,-212,-92,-70,-182,-32,218,-266,10,144,72,180,-116,132,30,-52,-246,16,-138,-208,-88,102,-264,8,146,-160,-42,-110,256,-240,170,224,120,-136,60,192,108,258,-2,-98,150,-168,-50,-26,-24,-22,-20,126,172,80),(216,198,54,-124,-128,268,-174,-78,-38,-156,-186,-66,96),(250,)]
10_119#[(-18,-156,-60,130,36,-22,-170,142),(10,90,-16,100,-50,-112,-144,64,-126,2,-98,56,122,-72,114,28,102,166,-118,68,-152,-6,94,32,-160,-40,-134,52,148,-44,26,-110,-108,-106,-104,48,20,-34,-128,58,154,-168,-140,-86,-84,-82,-80,-78,164,-146,42,136,-54,-150,-30,158,4,-96,-38,120,-70,24,12,-88,162,74,-116,66,132,-8,92,-62,124,-46,-76,-138),(-14,)]
10_131#[(12,10,-40,22,-32,2,52,50,30,-36,26,-54,6,-44,18,-48,56,-4,46,-20,60,-8,38,-28,16,14),(-24,42,34,-62),(-58,)]
10_132#[(-28,40,36,-22,-30,44,-38,24,32,-46,14,-6,34,20,-12,-4,26,-16,8),(-18,-48,10,2),(-42,)],
10_133#[(20,-26,16,-32,-30,-28,2,-34,6,-36,12,-4,38,-22,-10,-8),(-42,-18,-14,24),(40,)]
10_136#[(-10,28,42,-34),(-4,20,-38,-22,40,-26,32,36,-30,2,-18,12,-8,16,-14,24),(6,)],
10_137#[(-10,-44,52,38),(26,-6,42,-48,-32,-30,-28,12,-40,46,-20,-18,-16,50,-24,8,-36,22,-2,34,-14),(4,)]
10_141#[(-14,42,60,-20,36,-28),(-4,50,30,-10,54,-44,-16,-12,48,-38,-56,8,-46,24,2,-52,32,18,26,-40,58,-34,22),(6,)]
10_143#[(28,14,-34,-42,-20,46,-50,6,-54,40,-2,-60,48,-62,10,-44,52,-4,56,-30,-8,18,-38,24),(22,36,-16,32,-12,-64,-26),(-58,)],
10_146#[(-62,-40,66,-36,-70,-48,76,-42,-64,38,-68,-50,54,72,-46,-24,52,16,-4,20,8,-26,-58,-12,60,34,32,-44,74,30),(80,22,6,-18,2,14,56,28,10),(78,)],
10_147#[(14,-88,-78,-22,66,-34),(2,-46,-36,-68,52,-6,-80,-58,38,18,-10,48,84,-70,26,-56,-86,-64,32,76,24,-44,-42,72,-28,16,12,-50,82,60,-40,-20,-8,54,74,-30,-62),(-4,)],
10_156#[(-14,70,-42,52,-28,-26,-60,36,-72,-44,54,-64,48,-10,-8,58,-68,40,-76,16,-2,32,80,22,-88,12,-30,-82,20,-6,90,-24,84,18,4,-34,78),(74,-38,-66,-56,-46,92,62,-50),(86,)],
10_159#[(-42,28,-62,18,54,-70,46,-2,64,-36,48,-74,-6,52,-40,72,-56,66,24,-50,14,-60,-58,-30,22,4,-16,-34,10,-44),(38,-26,-8,32,76,-12,-20),(68,)],
10_164#[(28,-68,32,72,52,98,38,114,-78,-92,-60,-120,-50),(-8,-100,4,-74,-54,94,20,80,76,36,96,-10,-26,64,116,-88,110,-12,-46,-118,-6,102,-2,66,-56,-16,90,-58,108,106,104,42,-112,-14,-62,48,24,70,-30,86,84,82,-40,18,-44,34),(-22,)],
